0 4
1 17
2 12
3 3
4 10
5 3 5 19 29
6 14
7 1 4
8 13
9 3 5
10 3 4 16
11 3
12 3
13 2
14 13 32
15 3
16 3 5 19
17 10
18 18
19 27
20 18
21 3
22 1 15 20
23 4
24 15
25 5
26 4
27 3
28 16
29 15 20
30 1 2 5 6 9 15 20 29
31 5
32 1 18 35
33 13
34 23
35 9
36 4
37 9 30
38 2
39 10
40 27
41 18
42 24 25
43 2 6
44 4 5 30
45 5 9
46 1 8
47 31 37
48 1
49 18 27
50 27
51 1 21
52 1 5 8 9 15 20 29
53 6
54 8 13
55 3
56 1 8
57 5 9
58 4
59 1
60 1
61 26
62 1
63 1 5 9 20 29
64 21
65 18
66 9
67 1 5 9 15 29
68 5 22
69 3 5
70 1 5 8 9 15 20 29
71 1 15
72 5 9
73 1 5 9 15 20 29
74 3 5 19
75 3
76 21
77 4 5 40
78 2 6 9
79 1 5 9
80 1
81 35
82 1 5 9 15 20
83 18
84 5
85 15 20
86 5
87 2 6
88 3
89 16 23
90 1 9
91 1 21
92 18
93 1
94 3 5
95 4
96 1
97 4
98 1 8 13 29
99 1 13
100 1
101 1
102 1 2 9 15 20 29
103 3
104 6 9
105 8
106 9
107 1 15 20
108 1
109 1 5 8 9 20 29 34
110 3
111 3 5
112 1 7
113 1 5
114 1 39
115 3 5 19
116 1 6 20 29
117 1 9
118 5 9
119 15 20
120 8
121 5 24 25
122 3 5 19
123 1
124 3 19
125 1
126 3
127 7
128 1
129 3
130 3
131 1 9 13 15 20 29 34
132 5 15 20
133 29 33
134 9
135 1
136 5 9
137 1 15 20
138 1 2 5 7 8 9 15 20 29
139 9
140 4 10
141 9
142 1 15
143 1
144 26
145 21
146 1 9
147 8
148 1 9 20 29
149 2 6
150 1 9
151 1 8 9 13 29
152 2 6
153 9 15
154 1 3 5 8 9 15 20 29
155 2
156 3 9 15
157 1
158 9
159 1 15 20
160 8
161 1
162 4
163 1 2 9 15 29
164 8
165 1 6 9 29
166 3 5 19
167 1 5 9 29
168 6 9
169 1
170 5 9
171 1 15
172 1
173 1 20
174 1 5 9
175 2 6
176 1 29
177 1
178 1
179 5
180 4
181 2
182 1
183 8 13
184 11
185 9 29
186 9
187 1
188 1
189 1 5 9
190 2 6
191 1
192 18
193 4
194 9
195 3
196 3 5
197 1 29
198 9
199 1
200 1 5
201 1
202 8
203 15 20
204 5
205 3
206 1
207 1 5 8 9 15 29
208 1 9 15 20 29
209 1
210 3 9 29
211 26
212 1
213 9
214 9
215 6 15 20
216 9
217 1
218 1 20 29
219 1 9
220 1
221 3
222 1 2 5 8 9 20 29
223 5 9
224 1 15 20
225 9
226 9 15 20
227 1 9
228 5
229 1 15 20
230 2 6
231 1
232 9
233 18
234 1
235 1
236 1 29
237 1 5 9
238 1 2 6
239 3
240 8
241 3 5
242 5 9
243 3
244 1
245 9
246 9
247 1
248 1
249 1 5 20 29
250 1 9 15 20
251 1 9 29
252 4
253 9
254 1 2 6 15
255 1
256 8
257 1
258 1 7 9
259 35
260 1
261 9
262 5
263 7
264 2 6
265 1
266 1
267 8
268 9
269 9
270 9
271 9 15
272 1 9
273 9
274 1 9
275 1 9 15
276 1 2 5 6 9
277 1
278 9
279 1 5 9
280 9
281 2 6
282 2 6 9
283 1 15 20
284 21
285 1
286 35
287 5
288 29
289 13
290 1 9 20
291 1
292 1 9 15 29
293 8
294 1 8
295 1 7
296 1 8
297 1 29
298 2
299 3
300 2 6
301 1 8
302 1 8
303 29
304 1 15
305 1
306 5 9
307 1 9
308 5
309 1
310 1
311 5 9
312 1
313 1 15 29
314 2 6
315 5 9
316 24
317 1
318 1 20
319 1
320 1 9 20 29
321 8
322 1 15 20
323 1
324 3 5 19
325 9
326 1 8
327 1 9
328 1 8 9 13 29
329 1
330 2 6
331 8
332 8
333 8
334 1 15 20
335 15 20
336 1 15 20
337 1
338 1
339 1
340 9
341 9
342 2 6
343 2 6 9
344 5
345 9
346 8 13
347 1 29
348 1 5 9 19
349 1 3 5 29 34
350 5
351 1 9
352 1 20
353 8
354 1 5 9
355 9
356 8
357 1
358 21
359 9
360 1 9 29 34
361 1
362 9
363 2 6
364 13
365 9
366 1 15
367 1
368 1 8 13
369 1
370 9
371 1 15 20
372 9
373 8 13
374 9
375 1
376 5 9 15
377 1
378 9
379 1 9 20
380 12
381 1
382 9
383 1 7
384 8
385 8
386 1 15 20
387 1
388 1 9
389 1
390 1 9
391 29
392 9
393 1
394 1 5 9
395 9
396 8 13
397 2 6
398 1
399 2
400 18
401 1
402 1 5 9 20 29
403 1
404 2 6
405 35
406 1 9 29
407 1 9
408 1 5 9 15 20 29
409 1
410 1
411 5
412 9
413 8 13
414 1 8
415 9
416 1 29
417 8
418 1 9
419 8
420 8
421 1
422 1
423 3
424 1 9
425 1
426 1
427 1
428 9
429 5 9 15 31
430 1 15 20
431 1
432 8
433 9
434 1 3 9
435 2 6 9
436 8
437 8
438 9
439 1 9 29
440 8 13
441 1
442 6 9
443 1 20
444 1 9
445 5
446 2 6 9
447 1 9 15
448 18
449 24
450 1
451 2 6
452 9
453 1 15 20
454 1
455 1 5 20 29
456 1 15 20
457 8
458 8
459 1
460 9
461 8
462 1
463 1
464 1
465 1 15 20
466 1 2 9 20 29
467 8 13
468 1
469 1 21
470 35
471 1 9
472 1
473 1
474 1
475 1 15
476 9
477 8
478 9
479 1
480 2 6 9
481 2 6
482 1 9 29
483 9
484 5
485 5 9
486 8 13
487 9
488 8 13 29
489 9
490 1 15
491 8
492 8
493 9
494 9
495 1
496 1 2 9
497 7
498 29 34
499 1
500 3 19
501 1
502 1
503 5
504 1
505 1
506 15 20
507 1 15 20
508 1
509 31 37
510 1 9
511 1 9
512 1 20
513 9
514 1 9
515 1 9 20 29
516 5 9
517 9
518 3
519 8 13
520 1
521 3 5 9
522 1
523 1 3 5 13 15 29
524 8 13
525 9
526 1
527 1 15 20
528 1
529 1
530 2 6
531 9
532 1
533 8
534 1
535 6
536 1 29
537 1 15
538 1
539 15 20
540 1 15 20
541 1 9
542 1 9
543 5
544 1 8
545 1 15
546 8
547 1
548 1
549 1 15 20
550 1
551 18
552 1 7
553 1
554 1
555 5 31 37
556 8 13
557 1
558 1
559 9
560 8
561 4 5 10
562 1 15
563 2 6
564 1 20 29
565 1
566 9
567 13
568 9
569 2 6
570 2 6
571 34
572 1 3 5 20 29
573 5 9
574 1 7
575 1 9
576 1 5
577 1 29
578 1
579 9
580 2 6
581 8
582 1 15 20
583 1 15
584 9
585 5 9
586 1
587 1
588 3
589 1 7
590 7
591 1
592 9 29
593 1
594 1 15 20
595 9
596 18
597 1 20 29
598 9 15 20
599 1 15 20 21
600 8
601 1
602 9
603 1 20
604 8
605 9
606 2 6
607 1
608 1
609 1 9
610 6 9
611 1
612 9
613 1 29
614 1 15 20
615 3
616 1 2 5 8 29
617 1
618 1 9
619 1 3 5 29
620 8 13
621 1 29
622 3
623 1
624 3 5 19
625 1
626 1
627 8
628 9
629 1
630 2 6
631 1 9 15 20
632 1
633 1
634 1 8 9
635 1
636 1
637 27
638 8
639 1 15
640 1 2
641 13
642 1 9
643 6
644 9
645 1
646 8
647 5
648 1
649 1 29
650 1
651 1 15 20 29
652 5
653 8
654 2 6
655 2
656 1
657 1
658 1
659 8
660 1
661 2
662 1 15 29
663 7
664 9
665 5
666 8 13
667 1
668 1
669 8
670 15 37
671 1 20
672 1
673 3 5 19
674 1 15
675 35
676 1
677 1 9
678 1
679 1 9
680 1
681 15 20
682 8
683 5
684 6 9
685 3
686 1 15
687 1
688 1
689 1
690 1 9
691 8
692 24
693 1
694 5
695 1 6 9 15 20
696 2 6 9
697 1 8
698 1
699 1 3 9
700 1
701 1 15
702 5 9
703 1 9 29
704 1
705 1
706 1
707 8
708 8
709 9
710 9
711 5
712 8
713 34
714 8
715 1
716 8
717 5
718 1
719 8
720 5
721 15 20
722 8
723 9
724 8
725 33
726 2 6
727 1
728 1
729 8
730 1
731 1
732 8
733 1
734 9
735 1 9
736 9 15 20
737 21
738 9
739 34
740 1
741 2 6
742 1
743 8 13
744 1 29
745 1 29
746 1
747 5
748 9
749 1
750 1 9
751 9
752 2 6
753 5 31 37
754 2 6
755 8
756 1 29
757 9
758 8
759 1 20
760 2 6
761 1 15 29
762 1
763 1
764 1
765 1 9
766 9
767 8
768 8
769 8
770 9
771 1
772 1
773 1
774 1
775 1
776 1
777 1
778 35
779 1
780 1
781 1 7
782 8
783 2 6
784 1
785 5
786 1
787 36
788 9
789 2 6 9
790 9
791 1 15 29
792 1
793 5 19
794 1
795 1
796 1
797 2 6
798 8 13
799 1 9
800 1 9
801 1 20
802 1
803 1
804 1
805 1 29
806 2 6
807 6 9
808 1
809 1 9
810 1
811 1
812 8 13
813 1
814 1
815 15 20
816 6 9
817 1 20
818 8
819 8
820 5
821 2 6
822 1
823 5
824 8
825 2 6 9
826 9
827 1 8 13 29
828 1
829 8
830 1 9
831 2 6
832 1
833 2 6
834 1
835 1
836 9
837 1
838 1 15 20 29 34
839 1 9
840 8
841 1 9 29
842 8
843 12
844 2 6
845 3
846 9
847 8 13
848 8
849 1
850 8
851 1
852 15 20
853 1
854 15 20
855 2 6
856 9
857 8
858 9
859 1
860 1 15 20
861 1
862 1 20
863 1 9 29
864 2 6
865 1
866 9 15
867 1
868 2 6
869 1
870 1
871 1
872 1 9
873 1 7
874 1 15 20
875 1
876 5
877 5
878 9
879 2 6
880 1 9 20 29
881 1 5
882 1 9 20 29
883 8
884 1 15
885 9
886 1
887 5
888 1 9
889 1
890 1
891 8
892 1 20 29
893 1 29
894 1 5
895 8
896 8
897 1
898 1 9
899 1
900 1 9
901 8 13
902 8 13
903 8
904 9
905 2 6
906 1
907 2 6
908 15 20
909 1 15 20
910 5
911 8
912 1
913 1 6 15
914 1 9 29
915 3 15
916 8
917 8
918 8 13
919 1 15 20
920 2 6 9
921 1
922 6
923 1
924 1
925 9
926 1
927 8
928 7
929 15 20
930 1 8 13 15 29
931 1 9 15
932 9
933 1
934 1
935 1 9
936 28
937 8
938 9
939 1 15
940 1
941 13
942 1
943 8
944 1
945 9
946 1 5 9
947 1
948 8
949 1
950 1 15 29
951 6
952 15
953 7
954 34
955 1 9
956 9
957 1 15
958 2 6
959 2 6
960 9
961 8
962 1 29
963 5
964 1 2 5 15 29
965 1
966 1 9
967 13
968 9 15 20
969 1
970 1 15 29
971 8
972 27
973 9
974 1
975 5
976 1
977 1 9
978 9
979 8
980 1 15 20
981 15 20
982 2 6 15
983 1
984 1 9 29
985 5
986 1 15
987 1 15
988 1 9 29
989 1
990 1
991 5
992 1
993 15 20
994 1 5 29
995 6
996 8
997 8
998 1
999 15 20
1000 8
1001 9
1002 1
1003 8
1004 15 20
1005 1
1006 1
1007 1
1008 1 9 15 29
1009 1 20 29
1010 1
1011 8 13
1012 5
1013 1 9
1014 6 15 20
1015 13
1016 1
1017 1
1018 1 15 20
1019 1
1020 8 13 29
1021 1
1022 6 29
1023 8
1024 2 6
1025 5 9
1026 2 6
1027 8
1028 1
1029 15 20
1030 1 9
1031 15 20
1032 8
1033 7
1034 1
1035 1
1036 1 20 29
1037 1
1038 8
1039 1
1040 1
1041 1
1042 9
1043 1
1044 3 5 9
1045 5
1046 1
1047 9
1048 8
1049 1
1050 9
1051 1
1052 2
1053 8 13
1054 15 20
1055 1 9 15
1056 1 15 20
1057 15 20
1058 15 20
1059 1 9 15 20
1060 8
1061 1
1062 1
1063 1
1064 8
1065 9
1066 1
1067 1
1068 3
1069 23
1070 9
1071 8
1072 8
1073 5
1074 1
1075 9
1076 1
1077 1 9 29
1078 8
1079 1
1080 1 6 20 29 34
1081 1
1082 1 7
1083 8
1084 8
1085 2 6
1086 9
1087 2 6
1088 8
1089 1 9
1090 1
1091 9
1092 1
1093 5 9
1094 34
1095 1
1096 1
1097 29
1098 1 15 20
1099 8
1100 1 15
1101 1
1102 37
1103 8
1104 1 20
1105 1
1106 1 5 9 30
1107 1
1108 37
1109 24
1110 2 6 9
1111 1 15
1112 15 20
1113 1 7
1114 2 6
1115 8 13
1116 1
1117 1 15
1118 1
1119 1 9 29
1120 9
1121 9
1122 1 15 20
1123 2 6 9
1124 1
1125 8
1126 8
1127 1
1128 9
1129 1
1130 2 6
1131 9
1132 2 6
1133 1 5 20 29
1134 1 2 6 15
1135 2 6
1136 2 6
1137 1
1138 8
1139 2 6
1140 13
1141 1 8 13 15 29
1142 7
1143 1
1144 1 9
1145 2 6
1146 9
1147 2 6
1148 8
1149 9
1150 8
1151 1
1152 1
1153 1
1154 8
1155 1
1156 2 6
1157 8
1158 1
1159 8
1160 8
1161 1 9 20
1162 9
1163 13
1164 7
1165 15 20
1166 1
1167 9
1168 7
1169 1 15
1170 1 9 29
1171 15 20
1172 9
1173 15 20
1174 1
1175 9
1176 8
1177 1 15
1178 6
1179 9
1180 8 13
1181 9
1182 8
1183 9
1184 8 13
1185 2 6
1186 1
1187 9
1188 9
1189 1
1190 8
1191 2 6 9
1192 1 15 20
1193 15 20
1194 8
1195 1 15 20
1196 1
1197 13
1198 8
1199 2
1200 8
1201 1
1202 5
1203 1 29
1204 34
1205 15
1206 8
1207 7
1208 8
1209 5 9
1210 9
1211 8
1212 9
1213 1 15
1214 1
1215 10
1216 5
1217 2 6 9
1218 5
1219 8
1220 1
1221 1
1222 1 29
1223 8
1224 1
1225 1
1226 5
1227 1
1228 1
1229 1
1230 1
1231 13
1232 9
1233 8
1234 15 20
1235 1
1236 1
1237 1
1238 1 15
1239 9
1240 1
1241 2 6
1242 8
1243 5
1244 2 6
1245 2 6
1246 5
1247 1
1248 1
1249 1 15 20
1250 5
1251 1 29
1252 3
1253 2 6
1254 1
1255 2
1256 5
1257 9
1258 5 10
1259 1
1260 1
1261 5
1262 2 6 9
1263 8
1264 1
1265 8
1266 8
1267 1
1268 1
1269 1 8 9 29
1270 1
1271 1
1272 1 15 20
1273 9
1274 1 9
1275 1
1276 1 9
1277 8
1278 1
1279 8
1280 15 20
1281 1
1282 1
1283 15 20
1284 7
1285 1
1286 1
1287 1
1288 1
1289 8
1290 1
1291 1
1292 6
1293 1
1294 1
1295 1 7 9
1296 5
1297 2 6 9
1298 1
1299 1 15
1300 1 5 15
1301 9
1302 1
1303 1
1304 1 15 20
1305 1 7
1306 5 9
1307 1 5
1308 1 9
1309 1
1310 8
1311 8
1312 1
1313 1
1314 1
1315 1 9
1316 1 29
1317 1 15
1318 1 9
1319 8 13
1320 2 6
1321 1
1322 1
1323 9
1324 1
1325 8 13
1326 8 13
1327 34
1328 5
1329 3 5
1330 1
1331 1
1332 8
1333 5
1334 1 15
1335 1 29
1336 8
1337 1 29
1338 2 6
1339 8
1340 1
1341 8 13
1342 8
1343 8
1344 15 20
1345 8
1346 8
1347 2 6
1348 15 20
1349 13
1350 1 9
1351 9
1352 1 20 29
1353 1
1354 34
1355 1
1356 8
1357 1
1358 8
1359 9
1360 8
1361 5
1362 1 2 6 15
1363 1 29
1364 1
1365 8
1366 13
1367 13
1368 1 15 20
1369 8
1370 1 2 29
1371 8
1372 35
1373 8
1374 1 15 20
1375 1 7
1376 1
1377 26
1378 1
1379 1
1380 1 20
1381 9
1382 1 15
1383 8
1384 1 15
1385 1
1386 8
1387 1
1388 1 15
1389 2 6
1390 9
1391 8 29
1392 2 6
1393 34
1394 1 29
1395 1 2 6 20
1396 1
1397 8
1398 1
1399 1
1400 1
1401 5
1402 8
1403 5
1404 6 9
1405 1
1406 1
1407 2 6 9
1408 2 6
1409 5
1410 1 29 34
1411 1 29
1412 1 9 29
1413 2 6 9
1414 8
1415 9
1416 9
1417 8
1418 1
1419 6
1420 1 29
1421 5
1422 1
1423 1
1424 1 15 29
1425 1 15
1426 8
1427 2 6
1428 1 15
1429 8 13
1430 9
1431 1
1432 1
1433 1
1434 1
1435 2 6 9
1436 2 6
1437 1 9
1438 7
1439 1
1440 1 29
1441 8
1442 1
1443 15 20
1444 1 9 29
1445 1
1446 7
1447 9
1448 2 6
1449 2 6
1450 2 6
1451 1 9 29
1452 9
1453 1 29
1454 15 20
1455 1 15 20
1456 1
1457 1
1458 1
1459 1
1460 1 29
1461 9
1462 9
1463 1
1464 1
1465 5
1466 8
1467 2 6 9
1468 1
1469 1 29
1470 3
1471 8
1472 8
1473 1 9
1474 9
1475 1 7
1476 9
1477 1
1478 1
1479 7
1480 9
1481 1 15
1482 2
1483 15 20
1484 1
1485 1
1486 8
1487 1 9
1488 1
1489 2 6
1490 2 6
1491 1 15 20
1492 8
1493 1
1494 8
1495 8
1496 7 9
1497 1
1498 9
1499 1
1500 1
1501 35
1502 1 5 29
1503 1 7
1504 35
1505 8
1506 1
1507 3
1508 1
1509 6 9
1510 1
1511 1
1512 8
1513 1
1514 1
1515 1
1516 1
1517 2 6
1518 2 6 9
1519 1
1520 2 6
1521 1
1522 1 15 20
1523 5
1524 1
1525 1 9
1526 9
1527 1 9
1528 8
1529 1 9 29
1530 1
1531 5
1532 9
1533 8
1534 13
1535 2 6
1536 1
1537 1
1538 8
1539 1
1540 1 15
1541 1 7
1542 1
1543 1 9 29
1544 2 6
1545 8
1546 1
1547 1
1548 1 9 20 29
1549 2 6
1550 9
1551 8
1552 9
1553 1
1554 1
1555 1 15 20
1556 1 15
1557 8 9 29
1558 7
1559 2 6
1560 8
1561 9
1562 8
1563 1
1564 1 15
1565 1 15
1566 1 20
1567 1 2 29
1568 15 20
1569 9
1570 29
1571 1 8 29
1572 1
1573 1 7
1574 9
1575 1
1576 8 29
1577 1
1578 1
1579 7
1580 1
1581 29 33
1582 8
1583 1
1584 1
1585 1 15
1586 2 6
1587 1
1588 1
1589 9
1590 1
1591 5
1592 5
1593 1
1594 9
1595 5
1596 8
1597 6 9
1598 15 20
1599 1 20
1600 1
1601 35
1602 1
1603 1 20 29
1604 1 9
1605 8
1606 1
1607 1
1608 1 29
1609 4 29 34
1610 1 29
1611 1
1612 8
1613 1 9
1614 1
1615 1 15 20
1616 2 6 9
1617 1 9 29
1618 9
1619 1 9
1620 8 29
1621 1 15
1622 1
1623 9
1624 1 9
1625 9
1626 1
1627 35
1628 1
1629 1
1630 1
1631 9
1632 1 8 13
1633 2 6
1634 37
1635 24
1636 2 6
1637 15 20
1638 8
1639 1
1640 1
1641 9
1642 5
1643 1
1644 8
1645 9
1646 1
1647 9
1648 2
1649 1 7
1650 8
1651 8
1652 8
1653 1
1654 1
1655 9
1656 1
1657 1 20
1658 1
1659 5
1660 1
1661 13
1662 9
1663 6
1664 1
1665 1
1666 1
1667 1 2 6 15
1668 1 15 20
1669 1
1670 8
1671 8
1672 1
1673 8 9 13 29
1674 1
1675 8
1676 9
1677 8
1678 9
1679 2 6
1680 1 9 29
1681 9
1682 9
1683 1
1684 1 29
1685 1
1686 1
1687 8 13
1688 9
1689 1
1690 7
1691 1
1692 15 20
1693 8 13
1694 1
1695 2 6 9
1696 9
1697 1 29
1698 1
1699 13
1700 5 20
1701 1
1702 2 6
1703 5
1704 1 29
1705 8
1706 13
1707 1
1708 1
1709 1
1710 15 20
1711 9
1712 9
1713 1 29
1714 8 13
1715 1 15
1716 8
1717 2 6
1718 1
1719 1
1720 1 9
1721 2 6
1722 8
1723 34
1724 1
1725 7
1726 1 15
1727 1
1728 1
1729 1 2 29
1730 1 15 20
1731 15 20
1732 2 6
1733 8
1734 9
1735 13
1736 7
1737 1
1738 1
1739 1
1740 8
1741 8
1742 1
1743 8
1744 2 6
1745 2 6
1746 8
1747 15
1748 2 6
1749 8
1750 9
1751 1
1752 9
1753 9
1754 1 15 20
1755 33 39
1756 1
1757 1 8
1758 35
1759 2 6
1760 8
1761 1
1762 5
1763 1
1764 2 6
1765 5
1766 3
1767 1 9
1768 9
1769 8 13
1770 9
1771 1
1772 8
1773 1 15
1774 2
1775 2 6
1776 1 15
1777 8 13
1778 1 9 20
1779 1 13 20
1780 1 5 20 29
1781 1
1782 7 9
1783 9
1784 9
1785 1
1786 8
1787 1 15
1788 1
1789 1 29
1790 8 29
1791 1
1792 1 15 20 29
1793 2 6
1794 1
1795 9
1796 13
1797 9
1798 1 15 20
1799 1 15
1800 8
1801 9
1802 7
1803 1 9
1804 9
1805 1
1806 13
1807 9
1808 1
1809 37
1810 1
1811 8
1812 9
1813 1 9 15
1814 1
1815 1
1816 1 9
1817 1
1818 1 7
1819 1 29
1820 1
1821 1
1822 9
1823 1
1824 4 10
1825 9
1826 29
1827 9
1828 34
1829 8
1830 15 20
1831 1 15 20
1832 1
1833 2 6
1834 1 8 9 29
1835 1
1836 1
1837 6
1838 1 29
1839 1
1840 1
1841 1
1842 9
1843 2 6
1844 5
1845 9
1846 8
1847 2 6 9
1848 5
1849 9
1850 15 20
1851 2 6 9
1852 13
1853 8
1854 1
1855 5
1856 1
1857 1 9
1858 1 15 20
1859 1 9
1860 2 6
1861 1
1862 2 6 9
1863 29
1864 1
1865 1 9
1866 1 29
1867 1
1868 2 6 9
1869 1 6
1870 1 7
1871 8
1872 1 9
1873 9
1874 1
1875 1
1876 5
1877 8
1878 1
1879 1
1880 8
1881 7
1882 1
1883 1 9 29
1884 1 20
1885 1 29
1886 1
1887 1
1888 1
1889 1 9 29
1890 1
1891 8
1892 1
1893 1
1894 1
1895 1 15
1896 1
1897 1 29
1898 1
1899 9
1900 9
1901 9
1902 1
1903 1
1904 1
1905 1
1906 1
1907 15
1908 1 9
1909 9
1910 1
1911 8
1912 1 7 9
1913 5
1914 8
1915 1 29
1916 1 8 9
1917 2 6
1918 3 5
1919 1 15 29
1920 7
1921 1
1922 1 9 29
1923 8
1924 3
1925 9
1926 1 29
1927 9
1928 1 8 13
1929 2 6
1930 9
1931 1 8 13 29
1932 8
1933 1
1934 1 7
1935 1
1936 3
1937 9
1938 1
1939 8
1940 8
1941 1
1942 1
1943 1
1944 1
1945 1 7
1946 1
1947 1 15 29
1948 1 15
1949 8
1950 1
1951 1
1952 1
1953 1
1954 5
1955 6 9
1956 8
1957 9
1958 1
1959 1
1960 2 6 9
1961 1
1962 8
1963 6 9
1964 8
1965 1
1966 2 6
1967 2 6
1968 1 15
1969 8
1970 1
1971 13
1972 8
1973 1 5 29
1974 9
1975 1 8 13
1976 9
1977 1 15
1978 8 13
1979 1
1980 15 20
1981 1
1982 13
1983 1
1984 2 6
1985 5
1986 6
1987 7
1988 1
1989 1
1990 1 7
1991 1 9
1992 1 15 29
1993 5
1994 9
1995 2 6 9
1996 1
1997 1
1998 5
1999 1
2000 1
2001 1
2002 2 6
2003 1
2004 1 15 20
2005 1 29
2006 1 29
2007 2 6
2008 1
2009 1
2010 9
2011 1 9
2012 1 9
2013 8
2014 1
2015 1
2016 8
2017 7
2018 9
2019 2 6
2020 1
2021 9
2022 1 7
2023 1
2024 1 29
2025 9
2026 8
2027 1
2028 1
2029 9
2030 9
2031 18
2032 1 29
2033 9
2034 1
2035 8
2036 9 29
2037 8
2038 1 8
2039 9
2040 1
2041 9
2042 9
2043 8
2044 2 6 9
2045 1
2046 1
2047 2 6
2048 5 15
2049 1
2050 1
2051 1
2052 34
2053 13
2054 7
2055 1
2056 1
2057 9
2058 1
2059 1
2060 37
2061 9
2062 8
2063 7
2064 1 29
2065 2 6
2066 8 13
2067 1
2068 2 6
2069 1 9 29
2070 8
2071 9
2072 1 29
2073 8
2074 1 29
2075 9
2076 1 9
2077 1 9 29
2078 1
2079 5
2080 1 9
2081 8 13 29
2082 1
2083 2 6
2084 8
2085 1
2086 1 7
2087 1
2088 1
2089 1
2090 1
2091 1
2092 1
2093 1
2094 1
2095 9
2096 8
2097 2 6
2098 1
2099 2 6
2100 1
2101 1
2102 1 15
2103 1 15
2104 1
2105 1
2106 1 6
2107 8
2108 5
2109 1
2110 5
2111 15 20
2112 7
2113 2 6
2114 1 20
2115 9
2116 2 6
2117 1
2118 5
2119 1
2120 7
2121 9
2122 8
2123 8
2124 1 2
2125 1
2126 8
2127 2 6
2128 9
2129 1 9 29
2130 2
2131 1 8
2132 9
2133 8
2134 37
2135 2 6
2136 1 9 15
2137 1 9
2138 1
2139 2
2140 8
2141 1
2142 8
2143 1 15
2144 7
2145 2 6
2146 1
2147 1
2148 1 7
2149 9
2150 8
2151 1
2152 1
2153 1
2154 8
2155 1
2156 15 20
2157 7
2158 1
2159 8 13
2160 1 9
2161 1 9 20
2162 9
2163 9
2164 3
2165 1 9
2166 8
2167 1
2168 1
2169 1 20 29
2170 9
2171 9
2172 9
2173 9
2174 1
2175 1
2176 1 7
2177 9
2178 1 29
2179 3
2180 1 9 29
2181 8 13
2182 8
2183 1 29
2184 9
2185 15 20
2186 1
2187 2
2188 6
2189 2
2190 9
2191 1 20
2192 2 6
2193 29
2194 1 29
2195 8
2196 8
2197 1 20
2198 5
2199 2 6 9
2200 8 29
2201 1
2202 9
2203 1
2204 8
2205 2 6
2206 1
2207 9
2208 15 20
2209 8 13
2210 1 29
2211 1
2212 1
2213 1
2214 13
2215 9
2216 1 15 29
2217 1
2218 8
2219 9
2220 8
2221 1 15
2222 9
2223 37
2224 9
2225 1 29
2226 1 29
2227 1
2228 2 6
2229 8
2230 1
2231 8
2232 1
2233 2 6
2234 1
2235 1 29
2236 1
2237 1
2238 1 15 20
2239 1
2240 1
2241 8
2242 1
2243 1
2244 13
2245 8
2246 1 9
2247 2 6
2248 1
2249 8
2250 1 29
2251 2 6
2252 8
2253 8
2254 1 9 15 20
2255 1
2256 1
2257 2 6
2258 13
2259 1
2260 4 29
2261 8
2262 1
2263 7
2264 2 6
2265 8
2266 8
2267 8
2268 2
2269 8
2270 1 9 29
2271 8
2272 9
2273 15 20
2274 15
2275 2 6
2276 1
2277 15
2278 13
2279 5
2280 5
2281 1
2282 8
2283 5 9
2284 1 9
2285 1
2286 15 20
2287 1 7
2288 1
2289 1 7
2290 1
2291 13
2292 8
2293 8
2294 1
2295 1 7 9
2296 2 6
2297 2 6 9
2298 1 9
2299 1 29
2300 8
2301 2 6
2302 1
2303 1
2304 2 6
2305 1
2306 1
2307 8 13
2308 8
2309 5
2310 1
2311 5
2312 9
2313 8
2314 8
2315 1 9
2316 8
2317 1
2318 1
2319 33
2320 2 6
2321 2 6
2322 2 6
2323 1
2324 1
2325 1
2326 9
2327 1
2328 1
2329 2 6 9
2330 15 20
2331 9
2332 1
2333 2 6
2334 1
2335 8
2336 9
2337 1
2338 1
2339 2 6
2340 1 20 29
2341 1
2342 4 29
2343 13
2344 8 13
2345 1
2346 1 29
2347 1
2348 8
2349 2 6
2350 2 6
2351 1 9
2352 8 15
2353 8 13
2354 8
2355 1 15 20
2356 1
2357 15
2358 1
2359 9
2360 9
2361 9
2362 8
2363 9
2364 8
2365 15 20
2366 7 9
2367 1
2368 1
2369 1 29
2370 1 9 29
2371 1 9
2372 1 5
2373 8
2374 2 6
2375 5
2376 1
2377 8
2378 2 6
2379 8
2380 8
2381 9
2382 9
2383 2 6
2384 1
2385 1
2386 1
2387 1
2388 2 6
2389 8
2390 1 15
2391 8
2392 1 9
2393 2 6
2394 9
2395 8
2396 1
2397 15
2398 8
2399 7
2400 15
2401 9
2402 1
2403 1 15
2404 9 29
2405 1
2406 8
2407 15 20
2408 1
2409 1 9
2410 8
2411 5
2412 8
2413 9
2414 5
2415 1 29
2416 2 6
2417 7
2418 1
2419 1 29
2420 1 15 20
2421 1
2422 6
2423 2 6
2424 5
2425 7
2426 8
2427 1
2428 9
2429 7
2430 9
2431 5
2432 7
2433 2 6
2434 2 6
2435 2 6
2436 8
2437 1
2438 1 2
2439 2 6
2440 8 13
2441 1
2442 1
2443 8
2444 9 15
2445 1 7
2446 13
2447 2 6
2448 1 15 20
2449 1 15
2450 1 15
2451 8 13
2452 1
2453 1
2454 9
2455 1 29
2456 9 15
2457 1
2458 8
2459 5
2460 1
2461 8 13
2462 1
2463 8
2464 1
2465 9
2466 1
2467 9
2468 1 9
2469 9
2470 1
2471 1
2472 9
2473 5
2474 2 6
2475 2 6
2476 1
2477 1 15
2478 1
2479 9
2480 1
2481 1
2482 1 15
2483 1 29
2484 1
2485 1
2486 1
2487 5
2488 1 7
2489 2 6
2490 1
2491 9
2492 1 9 29
2493 9
2494 9
2495 8
2496 1
2497 1
2498 1 29
2499 8
2500 1 20
2501 1
2502 8
2503 9
2504 1
2505 1
2506 1
2507 1
2508 1 5
2509 5
2510 2 6 9
2511 1
2512 2 6
2513 1 9
2514 8 13
2515 1
2516 15 20
2517 1 9
2518 1 9
2519 8
2520 1 15 20 29
2521 3
2522 9
2523 1
2524 8 29
2525 1 5
2526 1
2527 1
2528 8 13
2529 8 29
2530 1 29
2531 1
2532 9
2533 15 20
2534 8
2535 8
2536 6
2537 1
2538 2 15
2539 1 29
2540 1
2541 6
2542 1
2543 1 29
2544 1
2545 9
2546 1 9
2547 8
2548 2
2549 1
2550 1
2551 9
2552 1
2553 8
2554 21
2555 1 9
2556 1
2557 1
2558 1 15
2559 1
2560 1
2561 1
2562 1
2563 1
2564 1
2565 1
2566 8 13 29
2567 15
2568 1 9
2569 9
2570 1
2571 1
2572 1 15
2573 1 9
2574 1
2575 8
2576 1
2577 2 6
2578 1
2579 20
2580 8
2581 1
2582 9
2583 9
2584 7
2585 13
2586 2 6 9
2587 8 13
2588 2 9
2589 1
2590 1
2591 1
2592 1
2593 7
2594 1
2595 1 2 6
2596 1 15 20
2597 1 15
2598 1 9 29
2599 8 13
2600 7
2601 1
2602 15 20
2603 1 15
2604 2
2605 1 29
2606 9
2607 1
2608 15
2609 8
2610 13
2611 7
2612 2 6
2613 1
2614 13
2615 1
2616 7
2617 6
2618 1 15
2619 20
2620 8
2621 1
2622 2
2623 7
2624 6 9
2625 1 15
2626 1
2627 2 6
2628 8
2629 8
2630 1
2631 9
2632 1 29
2633 2 6
2634 24
2635 9
2636 9
2637 1
2638 5 9
2639 2 6
2640 1 29
2641 1
2642 15 20
2643 1 15
2644 2 6
2645 1
2646 15
2647 1
2648 9
2649 1
2650 1
2651 1 9
2652 8
2653 9
2654 1 29
2655 1 29
2656 1
2657 1 29
2658 2 6
2659 1
2660 15 20
2661 2 6
2662 9
2663 1
2664 6
2665 2 6
2666 1 9
2667 5
2668 2 6
2669 8
2670 5
2671 8
2672 8
2673 8
2674 9
2675 2
2676 1
2677 1
2678 5
2679 8
2680 8
2681 1
2682 9
2683 1
2684 1
2685 1
2686 1
2687 8
2688 8
2689 9
2690 9
2691 1
2692 1 29
2693 7
2694 1
2695 1
2696 13
2697 2 6
2698 8
2699 1
2700 15
2701 1
2702 13
2703 1 7
2704 13
2705 9
2706 1
2707 8 29
2708 7
2709 9
2710 1
2711 1 15
2712 1
2713 1
2714 1 29
2715 29
2716 1 29
2717 1
2718 1 29
2719 1
2720 1
2721 1
2722 9
2723 2 6 9
2724 1
2725 5
2726 1
2727 2 6
2728 9
2729 1 9
2730 2 6
2731 1
2732 1
2733 1
2734 8
2735 1 15
2736 1 20 29
2737 1
2738 1
2739 1 29
2740 8 29
2741 1
2742 1 9 29
2743 1 9 29
2744 15
2745 1 7
2746 8
2747 8
2748 1
2749 8
2750 8
2751 1 29
2752 1
2753 1
2754 1
2755 9
2756 6
2757 9
2758 1
2759 8
2760 29
2761 1
2762 1 20
2763 1
2764 1 15 29
2765 1
2766 15 20
2767 2 6
2768 1 5 8 15
2769 9 15 20
2770 1
2771 1 29
2772 9
2773 1 29
2774 8
2775 1 8
2776 1
2777 18
2778 9
2779 9
2780 5
2781 8
2782 8
2783 1 8
2784 9 29
2785 9
2786 8
2787 1 7
2788 8
2789 1 15 29
2790 1
2791 1
2792 29
2793 1
2794 2 6 9
2795 1
2796 29
2797 29
2798 9
2799 1
2800 1 9 29
2801 5
2802 2 6
2803 9
2804 7 9
2805 1
2806 1 29
2807 5
2808 9
2809 6
2810 1
2811 1
2812 1 9
2813 1 20
2814 8 13
2815 9
2816 9
2817 15 20
2818 1
2819 8
2820 6 9
2821 1 20
2822 29
2823 1 2 9 20
2824 1 15
2825 1 29
2826 1
2827 8
2828 9 29
2829 1
2830 1 29
2831 2 6
2832 1 5 9
2833 1 15
2834 7
2835 5
2836 5
2837 9
2838 1
2839 9
2840 5
2841 8
2842 5
2843 15 20
2844 1 8
2845 2 9
2846 8
2847 9
2848 1
2849 8
2850 1
2851 1 9
2852 8
2853 2 6
2854 1
2855 1
2856 1
2857 1
2858 1
2859 1 7
2860 1
2861 1
2862 1 9
2863 9
2864 6 9
2865 1
2866 15 20
2867 13
2868 9
2869 6 9
2870 1
2871 5
2872 8
2873 8
2874 1
2875 9
2876 2 6
2877 8 13
2878 1
2879 1
2880 1
2881 1 7
2882 9
2883 1 7
2884 1 15 20
2885 1
2886 1
2887 1 29
2888 1 29
2889 2
2890 1
2891 5
2892 1
2893 7
2894 1
2895 1 9 29
2896 9
2897 8
2898 1
2899 8
2900 9
2901 5
2902 8
2903 8
2904 5
2905 1
2906 8
2907 1
2908 9
2909 5
2910 5
2911 1
2912 1
2913 9
2914 2 6
2915 1 9
2916 1
2917 15 20
2918 1 15
2919 29
2920 9
2921 1
2922 1 7
2923 13
2924 1
2925 9
2926 1
2927 1
2928 2 6
2929 9
2930 8
2931 5
2932 2 6
2933 8 13
2934 8
2935 9
2936 5
2937 1
2938 6 9
2939 8
2940 6
2941 1
2942 1 9
2943 1 29
2944 8
2945 8
2946 2 6
2947 13
2948 1
2949 1
2950 1
2951 8
2952 9
2953 1
2954 8
2955 8
2956 2 6 9
2957 15 20
2958 8
2959 2 6
2960 8
2961 1
2962 1 8
2963 5
2964 1
2965 1 8 15
2966 1 29
2967 9
2968 1
2969 1
2970 1
2971 6
2972 9
2973 33
2974 8
2975 1
2976 8
2977 8
2978 1 29
2979 15 20
2980 1 29
2981 9
2982 15 20
2983 8
2984 8
2985 37
2986 1
2987 1 15 20
2988 5 9
2989 1
2990 13
2991 1 2 6 29
2992 9
2993 5
2994 1 15
2995 1
2996 1
2997 9
2998 5
2999 7
3000 1 29
3001 6
3002 5
3003 6
3004 9
3005 8
3006 1
3007 8
3008 9
3009 15 20
3010 1
3011 9
3012 2 6
3013 1
3014 1 15
3015 1 5 29
3016 6 9
3017 8
3018 9 29
3019 8
3020 1
3021 5
3022 1
3023 1 5 29
3024 1
3025 1
3026 1
3027 1
3028 1 29
3029 1
3030 8 13
3031 1 29
3032 1
3033 1 9
3034 7
3035 1
3036 1
3037 1
3038 8
3039 8
3040 1
3041 1 15
3042 2
3043 9 29
3044 2 6
3045 15
3046 1
3047 1 9
3048 8 13
3049 15 20
3050 1
3051 9
3052 1 5 29
3053 1
3054 2 6
3055 15 20
3056 2 6
3057 7
3058 2 6
3059 1 29
3060 9
3061 8 29
3062 1
3063 1
3064 9
3065 1
3066 9 29
3067 1
3068 9
3069 8
3070 1
3071 1 15
3072 1
3073 8
3074 1
3075 9
3076 8
3077 2 6
3078 1
3079 1
3080 1 9
3081 1
3082 1
3083 1
3084 1
3085 1
3086 7 9
3087 1 15
3088 1
3089 1 8
3090 1 9
3091 13
3092 8
3093 1
3094 7
3095 1
3096 13
3097 7
3098 8
3099 1
3100 2 6
3101 1
3102 1
3103 15 20
3104 1 15
3105 1
3106 1
3107 2 6
3108 1
3109 1
3110 5
3111 8
3112 20 29
3113 8
3114 1
3115 9
3116 2 6
3117 1
3118 1
3119 1
3120 1
3121 8
3122 8
3123 1
3124 1 3 20
3125 1
3126 8
3127 1
3128 8
3129 1 9
3130 1
3131 8
3132 1
3133 1
3134 1
3135 9
3136 2 6
3137 1
3138 1
3139 8
3140 9
3141 6
3142 1
3143 7
3144 6 9
3145 9
3146 9
3147 1
3148 5
3149 15 20
3150 15 20
3151 2 6
3152 15 20
3153 8
3154 1 9
3155 9
3156 7
3157 1
3158 1
3159 8
3160 9
3161 1
3162 1 15
3163 7 9
3164 1 29
3165 9 15
3166 6
3167 1
3168 8
3169 13
3170 9
3171 1
3172 9
3173 9
3174 1
3175 1
3176 1 8
3177 1 29
3178 1 29
3179 1
3180 6
3181 1
3182 1
3183 8
3184 6
3185 1
3186 8
3187 8
3188 8
3189 1
3190 6
3191 15 20
3192 2 6
3193 8 15 29
3194 1
3195 1 29
3196 15 20
3197 1
3198 6
3199 2 6
3200 1
3201 9
3202 8
3203 15
3204 9
3205 29
3206 8
3207 1
3208 8
3209 8
3210 9
3211 8
3212 13
3213 6
3214 15 20
3215 8
3216 15
3217 9
3218 2 6
3219 8
3220 9
3221 9
3222 1
3223 8
3224 6
3225 20
3226 1
3227 1 15
3228 6
3229 1
3230 9
3231 8
3232 8
3233 1
3234 9
3235 9
3236 8
3237 15 20
3238 1
3239 1 9
3240 1
3241 8
3242 15
3243 2 6 9
3244 6
3245 1
3246 7
3247 8
3248 1 15
3249 1
3250 6
3251 15
3252 1
3253 8
3254 9
3255 9 29
3256 1 15
3257 1
3258 9
3259 15 20
3260 6
3261 8
3262 15
3263 13
3264 15
3265 2 6
3266 1
3267 8 13
3268 8
3269 6
3270 8
3271 1 5 29
3272 9
3273 29
3274 1
3275 9
3276 1
3277 1
3278 1
3279 1
3280 8
3281 1
3282 8
3283 37
3284 1
3285 1 20
3286 2 6
3287 1 29
3288 2
3289 1 5
3290 1 15 20
3291 5
3292 1
3293 1 29
3294 2 9 29
3295 1 9
3296 8 13
3297 8
3298 1 7
3299 9
3300 8
3301 13
3302 1
3303 1
3304 6
3305 1 7
3306 8
3307 15 20
3308 1
3309 1 29
3310 1
3311 1
3312 6
3313 1
3314 1 20 29
3315 15
3316 1 7
3317 1
3318 1 6
3319 9
3320 13
3321 1
3322 8
3323 2 6
3324 1
3325 1
3326 9 20 29
3327 9
3328 1
3329 9 29
3330 1
3331 1 9
3332 1
3333 2 6
3334 1
3335 2 6
3336 15 20
3337 6 9
3338 8
3339 1
3340 15
3341 9
3342 9
3343 8 13
3344 1
3345 5
3346 8
3347 9
3348 15
3349 1
3350 1
3351 9
3352 1
3353 9
3354 8
3355 8
3356 7
3357 9
3358 1
3359 1 9
3360 1
3361 1 29
3362 1 9 29
3363 1 6 29
3364 1
3365 9
3366 1
3367 7
3368 1
3369 9
3370 2 15
3371 1
3372 15
3373 1
3374 1
3375 1 29
3376 1 15
3377 8
3378 1
3379 5 20 29
3380 5 37
3381 8 9
3382 1 29
3383 1
3384 1
3385 8 13
3386 1 29
3387 9
3388 8 13
3389 1
3390 1 9
3391 1
3392 9
3393 1 29
3394 1
3395 1
3396 8
3397 6
3398 1
3399 8
3400 1
3401 1 15 20
3402 1
3403 8
3404 1 9 29
3405 1
3406 1
3407 1
3408 1
3409 1 9
3410 1
3411 9
3412 1
3413 8 13
3414 9
3415 1
3416 8
3417 8
3418 5
3419 1 29
3420 8
3421 9
3422 5
3423 5
3424 5 9
3425 1
3426 1 29
3427 1
3428 9
3429 5 29
3430 9
3431 9
3432 9
3433 1 20
3434 6
3435 9
3436 1
3437 1 9 20
3438 9
3439 15 20
3440 8
3441 8
3442 8
3443 2 6
3444 1
3445 1
3446 1
3447 1
3448 1
3449 1
3450 1
3451 1
3452 1
3453 1 8
3454 1
3455 8
3456 1
3457 1 7
3458 1 9
3459 1
3460 9
3461 6
3462 1
3463 6
3464 7
3465 9
3466 9
3467 1 29
3468 1
3469 5
3470 1
3471 1 9 29
3472 15 20
3473 2 6
3474 1
3475 1
3476 1
3477 1
3478 1
3479 8
3480 1 29
3481 15 20
3482 1
3483 9
3484 1
3485 1 9
3486 2 6
3487 1
3488 9
3489 1
3490 9
3491 1 7
3492 9
3493 1
3494 9
3495 8
3496 1
3497 2 6
3498 6 9
3499 1
3500 8
3501 1
3502 1
3503 15 20
3504 8
3505 8
3506 1
3507 1 15 20
3508 2 6
3509 7
3510 1
3511 6 9
3512 9
3513 8
3514 6
3515 1
3516 8
3517 9
3518 1 15
3519 9
3520 1
3521 1
3522 1
3523 8
3524 1
3525 2 6
3526 1
3527 6
3528 1
3529 8
3530 1
3531 15 20
3532 7
3533 9
3534 7
3535 9
3536 2 6
3537 13
3538 7
3539 8
3540 1 7
3541 1
3542 15 20
3543 2
3544 13
3545 1
3546 2 6
3547 2 6 9
3548 1
3549 13
3550 8
3551 8
3552 1
3553 1
3554 8
3555 1
3556 9
3557 1
3558 9
3559 8
3560 1
3561 1
3562 1
3563 1
3564 1
3565 1 2 20
3566 2 6
3567 13
3568 1
3569 8
3570 8
3571 15
3572 1
3573 13
3574 7
3575 8
3576 5
3577 8
3578 1 29
3579 1 15
3580 1
3581 1 7
3582 6
3583 1 20
3584 9
3585 1
3586 1
3587 5
3588 8
3589 1 7
3590 1
3591 1
3592 9
3593 1 29
3594 1
3595 1 29
3596 9
3597 1 8
3598 8
3599 1
3600 9
3601 1 15
3602 1 29
3603 1
3604 1
3605 8
3606 9
3607 9
3608 1
3609 6
3610 1
3611 1
3612 1
3613 7
3614 9
3615 1 7
3616 15 20
3617 1
3618 9
3619 8
3620 1
3621 9
3622 5
3623 9
3624 1
3625 1 29
3626 1
3627 1
3628 8
3629 15 20
3630 8
3631 1
3632 1
3633 9
3634 1
3635 1
3636 1
3637 5
3638 5
3639 2 6 9
3640 1 29
3641 1
3642 8 13
3643 1 20
3644 1
3645 8
3646 1 7
3647 1 9
3648 1
3649 1
3650 8
3651 1
3652 1 20
3653 8
3654 1
3655 1
3656 1
3657 8
3658 1
3659 2
3660 1
3661 8
3662 8
3663 1 7
3664 8
3665 5
3666 8 13
3667 9
3668 1
3669 15
3670 8
3671 9
3672 9
3673 29
3674 10
3675 9
3676 8
3677 1
3678 9
3679 9
3680 33
3681 1
3682 8
3683 5
3684 1 15
3685 9
3686 1 15
3687 8
3688 7
3689 15
3690 1
3691 8
3692 8
3693 1
3694 16
3695 26
3696 26
3697 1
3698 9
3699 1
3700 1 9
3701 37
3702 27
3703 1
3704 1
3705 32 38
3706 1
3707 1
3708 1
3709 9
3710 2 6
3711 13
3712 15
3713 15 20
3714 8
3715 2 6
3716 15
3717 1
3718 1
3719 2 6
3720 1
3721 9
3722 1
3723 1 29
3724 8
3725 1
3726 1
3727 8
3728 8
3729 8
3730 2 6
3731 2
3732 8
3733 1
3734 5
3735 6 9
3736 9
3737 1 29
3738 1 9 29
3739 1 29
3740 8
3741 2 6
3742 9
3743 1
3744 8
3745 8
3746 1
3747 1 29
3748 1
3749 1
3750 1
3751 7
3752 1
3753 15 20
3754 13
3755 15
3756 1
3757 1
3758 1 29
3759 1 29
3760 8
3761 1
3762 1
3763 1
3764 5
3765 7
3766 1
3767 1 9 29
3768 15 20
3769 1
3770 1 29
3771 5
3772 15 20
3773 8
3774 2
3775 6
3776 6
3777 9 20
3778 13
3779 1
3780 1
3781 9
3782 1
3783 1
3784 8
3785 6
3786 1 15
3787 8
3788 1
3789 9
3790 9
3791 1
3792 8
3793 1
3794 9
3795 8
3796 2
3797 1
3798 5
3799 1
3800 1 20
3801 9
3802 7
3803 8
3804 13
3805 9
3806 7
3807 3
3808 1
3809 1 29
3810 9
3811 24
3812 35
3813 1
3814 1
3815 8
3816 6
3817 9
3818 1
3819 1 20
3820 8
3821 1
3822 1 20 29
3823 8
3824 1
3825 8
3826 1
3827 8
3828 1
3829 9
3830 9
3831 6
3832 1
3833 1
3834 1
3835 15
3836 8
3837 1
3838 6
3839 1
3840 1 8
3841 8
3842 15
3843 8
3844 9
3845 1
3846 1 29
3847 8
3848 8
3849 1
3850 1
3851 1
3852 8
3853 1
3854 15 20
3855 8
3856 1 2
3857 1 7
3858 7
3859 1 29
3860 1
3861 1
3862 1
3863 2 6
3864 8
3865 1
3866 1
3867 2
3868 8 13
3869 8
3870 1
3871 1
3872 1
3873 8
3874 1 29
3875 1 29
3876 8
3877 1
3878 1 8
3879 1
3880 1
3881 8
3882 6
3883 1 9 29
3884 1
3885 29
3886 1 5 29
3887 2 9
3888 24
3889 8
3890 1
3891 1
3892 1
3893 9
3894 7
3895 5
3896 8
3897 1
3898 1 9
3899 8
3900 15
3901 8
3902 1 9
3903 9
3904 1
3905 2 6
3906 8
3907 7
3908 1
3909 1
3910 6
3911 9
3912 1
3913 1
3914 8
3915 5
3916 2 6
3917 1
3918 5
3919 1 7 9
3920 2
3921 2 6
3922 8
3923 8
3924 15 20
3925 7 9
3926 1
3927 1
3928 15
3929 8
3930 1 20
3931 37
3932 15
3933 9
3934 1
3935 8
3936 1
3937 7 9
3938 6
3939 1
3940 1 5 9
3941 8
3942 1
3943 1
3944 13
3945 1
3946 1
3947 1
3948 1
3949 1
3950 8
3951 1
3952 13 29
3953 1
3954 8
3955 2 6
3956 8
3957 9
3958 1
3959 7
3960 1
3961 5
3962 1
3963 8
3964 1 29
3965 1
3966 1
3967 7
3968 1 29
3969 13
3970 1
3971 1
3972 1
3973 8
3974 9
3975 1
3976 15 20
3977 8
3978 13
3979 29
3980 9
3981 6
3982 1
3983 8
3984 1
3985 1
3986 8
3987 8
3988 1
3989 1
3990 7
3991 1
3992 7
3993 15
3994 1 20
3995 8 13
3996 15
3997 15
3998 1
3999 1 15
4000 1
4001 1
4002 1
4003 15 20
4004 8
4005 1
4006 1
4007 1 29
4008 5
4009 1
4010 7
4011 1 8
4012 1
4013 7
4014 1
4015 8
4016 37
4017 9
4018 1
4019 1
4020 6
4021 9
4022 9
4023 1 29
4024 1 8 29
4025 1 3
4026 1
4027 15 20
4028 9
4029 1
4030 1
4031 7
4032 15 20
4033 1
4034 9
4035 3 29
4036 1
4037 1
4038 9
4039 1
4040 8
4041 1
4042 1
4043 9
4044 9
4045 8
4046 6
4047 7
4048 1
4049 9
4050 9
4051 9
4052 29
4053 2 6 9
4054 1
4055 15
4056 8
4057 7
4058 1
4059 9
4060 6 9
4061 1 9
4062 2
4063 7
4064 15
4065 15
4066 8
4067 9
4068 9
4069 8 13
4070 8
4071 15
4072 1
4073 8
4074 8
4075 15 20
4076 9
4077 1
4078 9
4079 8
4080 8 13
4081 2 9
4082 8
4083 1
4084 8
4085 8
4086 7
4087 1
4088 1 15
4089 9
4090 6
4091 1
4092 8 29
4093 1
4094 8
4095 1
4096 1 8
4097 7 9
4098 1 15
4099 1
4100 1
4101 13
4102 1
4103 1
4104 5
4105 7
4106 8
4107 1 9
4108 9
4109 1 9
4110 1
4111 1 9
4112 1
4113 1 29
4114 1 29
4115 5
4116 9
4117 1
4118 1
4119 1
4120 1
4121 1
4122 1
4123 1 15
4124 5
4125 1
4126 1
4127 1 29
4128 29
4129 1 15
4130 1 8
4131 1
4132 9
4133 8
4134 20 29
4135 8
4136 1
4137 8
4138 1
4139 9
4140 1
4141 1 8
4142 5
4143 6
4144 6
4145 8
4146 1
4147 8
4148 15
4149 15 20
4150 9
4151 9
4152 1
4153 1
4154 1
4155 15 20
4156 1
4157 1
4158 9
4159 8
4160 8
4161 1
4162 1
4163 1
4164 8
4165 7
4166 1
4167 9
4168 1
4169 1
4170 1
4171 9
4172 1
4173 8
4174 1
4175 1
4176 8
4177 6
4178 9
4179 1
4180 9
4181 8
4182 1 29
4183 1 29
4184 1
4185 9
4186 9
4187 5 9
4188 1
4189 1
4190 9
4191 1
4192 9
4193 15 20
4194 9
4195 8
4196 1
4197 1
4198 15
4199 13
4200 8
4201 9
4202 1
4203 2 9
4204 5
4205 13
4206 8
4207 1
4208 8
4209 1
4210 9
4211 2 9
4212 1
4213 3
4214 1
4215 1
4216 1
4217 8
4218 9
4219 9
4220 8
4221 1 15
4222 9
4223 7
4224 8
4225 1 9 29
4226 1
4227 9
4228 8
4229 29
4230 8 29
4231 1
4232 9
4233 1
4234 8
4235 1 29
4236 8 13
4237 8 13 29
4238 1
4239 1
4240 1 29
4241 1
4242 1 29
4243 1 9 20
4244 29
4245 9
4246 13
4247 15 29
4248 2 6
4249 1
4250 8
4251 1
4252 1
4253 1
4254 1 29
4255 8
4256 8
4257 1 7
4258 1
4259 6
4260 2 6
4261 2
4262 8 13
4263 13
4264 9
4265 1
4266 1 29
4267 8
4268 1
4269 1
4270 1 29
4271 1 2
4272 1 2
4273 6
4274 1
4275 1
4276 8
4277 1 15
4278 2
4279 1
4280 8
4281 1
4282 24
4283 7
4284 9
4285 8
4286 1 29
4287 13
4288 1 29
4289 1
4290 6
4291 1
4292 1 29
4293 1
4294 1
4295 8
4296 8
4297 9
4298 1 29
4299 1 29
4300 29
4301 9
4302 1 5
4303 1
4304 8
4305 13
4306 8 13
4307 1 29
4308 13
4309 1
4310 1
4311 1 29
4312 1 29
4313 8
4314 1
4315 8
4316 1
4317 1 9
4318 1 9
4319 9
4320 8
4321 1 29
4322 1
4323 8
4324 1
4325 1 29
4326 1
4327 1
4328 8
4329 1
4330 8 9
4331 1
4332 1
4333 6
4334 9
4335 1
4336 1 29 34
4337 1
4338 29
4339 1 29
4340 9
4341 6
4342 8
4343 9
4344 1 9 29
4345 1
4346 5
4347 8
4348 9
4349 8
4350 1
4351 9
4352 9
4353 9
4354 1
4355 1 29
4356 6
4357 1 8
4358 1 15
4359 8
4360 9
4361 8 29
4362 5
4363 8
4364 5
4365 1
4366 29
4367 1
4368 1
4369 9
4370 8
4371 8
4372 15
4373 8
4374 13
4375 1 9
4376 8
4377 9
4378 7
4379 8
4380 8
4381 1
4382 1
4383 1 29
4384 2 6
4385 1
4386 8
4387 13
4388 9
4389 9
4390 1 9
4391 7
4392 9
4393 6 9
4394 7
4395 1
4396 29
4397 8
4398 9
4399 21
4400 8
4401 1 9
4402 1
4403 15
4404 8
4405 1 7
4406 1 9
4407 1
4408 1
4409 8
4410 1
4411 15 20
4412 1
4413 1
4414 9
4415 9
4416 1
4417 9
4418 1
4419 13
4420 1 15 20
4421 5
4422 9
4423 1
4424 8
4425 5
4426 8
4427 8
4428 8 29
4429 15 20
4430 1
4431 8
4432 1
4433 8 13
4434 9 10
4435 8
4436 1
4437 9
4438 8 29
4439 1
4440 1
4441 2 6
4442 5
4443 6 9
4444 8
4445 1 7
4446 1
4447 1
4448 1
4449 1
4450 2 6
4451 1
4452 8
4453 9
4454 20
4455 9
4456 1
4457 1
4458 1
4459 15
4460 13
4461 7
4462 1
4463 8
4464 1
4465 8 13
4466 1
4467 1
4468 1 9
4469 9
4470 1
4471 1
4472 1 15
4473 1
4474 13
4475 1 7
4476 1
4477 1
4478 9
4479 13
4480 1
4481 2
4482 7
4483 8
4484 1
4485 9
4486 2 6 9
4487 8
4488 6
4489 7
4490 1
4491 9
4492 9
4493 1
4494 1
4495 1 15 20
4496 1
4497 6
4498 1
4499 1
4500 6
4501 5
4502 15
4503 8
4504 1
4505 5
4506 8
4507 15
4508 1 29
4509 8 13
4510 1 15
4511 1
4512 8
4513 1
4514 1 29
4515 15 20
4516 13
4517 1
4518 2 6
4519 1
4520 7
4521 6
4522 7
4523 1
4524 8
4525 7
4526 1
4527 15 20
4528 1
4529 15
4530 2 6
4531 8 13
4532 1
4533 2 6 9
4534 15
4535 8
4536 1
4537 15 20
4538 2 6
4539 1
4540 6
4541 1 20
4542 2 6 9
4543 15
4544 1
4545 2
4546 9
4547 2
4548 7
4549 1 15
4550 1
4551 1
4552 9
4553 15
4554 1
4555 13
4556 1
4557 8
4558 1
4559 8
4560 6
4561 6
4562 1
4563 1 29
4564 1
4565 1 29
4566 1 29
4567 7
4568 8
4569 8
4570 1
4571 8
4572 1 29
4573 1
4574 1
4575 8
4576 9
4577 1
4578 1 29
4579 13 29
4580 1
4581 1 29
4582 1
4583 9
4584 1
4585 8
4586 1
4587 1 9 20
4588 2
4589 8
4590 8
4591 8
4592 1
4593 9
4594 1
4595 1 20
4596 1
4597 1
4598 6
4599 5
4600 7
4601 5
4602 1 5
4603 1
4604 6 9
4605 1
4606 1
4607 6 9
4608 2 6
4609 5
4610 15 20
4611 1 9
4612 8
4613 9
4614 1
4615 1
4616 9
4617 8
4618 1
4619 1 9
4620 5
4621 8
4622 9
4623 9
4624 1 29
4625 1
4626 9
4627 6
4628 15 20
4629 9
4630 1
4631 1 29
4632 1
4633 2 6
4634 2 6
4635 9
4636 1 29
4637 1
4638 2 6
4639 1
4640 8
4641 1
4642 1
4643 2
4644 8
4645 5
4646 2
4647 5
4648 15
4649 13
4650 1
4651 1
4652 9
4653 1
4654 1 20
4655 13
4656 9
4657 1 15
4658 2 6
4659 1
4660 15
4661 8
4662 1
4663 8 13
4664 1
4665 1
4666 1
4667 9
4668 1 29
4669 1
4670 1
4671 1 8
4672 29
4673 9
4674 9
4675 8
4676 8
4677 1
4678 1
4679 1
4680 1
4681 1
4682 5
4683 5
4684 35
4685 29
4686 9
4687 18
4688 8
4689 1
4690 1 5 20
4691 6
4692 1
4693 1 15
4694 1
4695 9
4696 6 9
4697 15 20
4698 1
4699 1 3
4700 15 20
4701 2 6
4702 8 13
4703 1
4704 1
4705 13
4706 1
4707 13
4708 8
4709 6 9
4710 1
4711 9
4712 8
4713 9
4714 1
4715 1
4716 1
4717 1
4718 5
4719 1
4720 9
4721 9
4722 13
4723 2 6
4724 9
4725 5
4726 1
4727 2 6
4728 1
4729 1
4730 1 29
4731 1 29
4732 1 29
4733 1
4734 13
4735 15 20
4736 7
4737 8
4738 8
4739 9
4740 1
4741 8
4742 8
4743 9
4744 8
4745 8
4746 2 6
4747 1 15
4748 8
4749 1
4750 1 20
4751 13
4752 1
4753 8
4754 1 9
4755 1
4756 1 20
4757 1
4758 1
4759 9
4760 9
4761 3
4762 1
4763 5
4764 8 13 29
4765 1
4766 8
4767 2 6
4768 8
4769 1
4770 8
4771 8
4772 1 9
4773 1
4774 29
4775 1 15 35
4776 1 20 29
